0000000   506097522914230528  1084818905618843912
0000020  1663540288323457296  2242261671028070680
0000040  2820983053732684064  3399704436437297448
0000060  3978425819141910832  4557147201846524216
0000100  5135868584551137600  5714589967255750984
0000120  6293311349960364368  6872032732664977752
0000140  7450754115369591136  8029475498074204520
0000160  8608196880778817904  9186918263483431288
0000200 -8681104427521506944 -8102383044816893560
0000220 -7523661662112280176 -6944940279407666792
0000240 -6366218896703053408 -5787497513998440024
0000260 -5208776131293826640 -4630054748589213256
0000300 -4051333365884599872 -3472611983179986488
0000320 -2893890600475373104 -2315169217770759720
0000340 -1736447835066146336 -1157726452361532952
0000360  -579005069656919568     -283686952306184
0000400
