0000000    50462976   117835012   185207048   252579084
0000020   319951120   387323156   454695192   522067228
0000040   589439264   656811300   724183336   791555372
0000060   858927408   926299444   993671480  1061043516
0000100  1128415552  1195787588  1263159624  1330531660
0000120  1397903696  1465275732  1532647768  1600019804
0000140  1667391840  1734763876  1802135912  1869507948
0000160  1936879984  2004252020  2071624056  2138996092
0000200 -2088599168 -2021227132 -1953855096 -1886483060
0000220 -1819111024 -1751738988 -1684366952 -1616994916
0000240 -1549622880 -1482250844 -1414878808 -1347506772
0000260 -1280134736 -1212762700 -1145390664 -1078018628
0000300 -1010646592  -943274556  -875902520  -808530484
0000320  -741158448  -673786412  -606414376  -539042340
0000340  -471670304  -404298268  -336926232  -269554196
0000360  -202182160  -134810124   -67438088      -66052
0000400
