0000000    256    770   1284   1798   2312   2826   3340   3854
0000020   4368   4882   5396   5910   6424   6938   7452   7966
0000040   8480   8994   9508  10022  10536  11050  11564  12078
0000060  12592  13106  13620  14134  14648  15162  15676  16190
0000100  16704  17218  17732  18246  18760  19274  19788  20302
0000120  20816  21330  21844  22358  22872  23386  23900  24414
0000140  24928  25442  25956  26470  26984  27498  28012  28526
0000160  29040  29554  30068  30582  31096  31610  32124  32638
0000200 -32384 -31870 -31356 -30842 -30328 -29814 -29300 -28786
0000220 -28272 -27758 -27244 -26730 -26216 -25702 -25188 -24674
0000240 -24160 -23646 -23132 -22618 -22104 -21590 -21076 -20562
0000260 -20048 -19534 -19020 -18506 -17992 -17478 -16964 -16450
0000300 -15936 -15422 -14908 -14394 -13880 -13366 -12852 -12338
0000320 -11824 -11310 -10796 -10282  -9768  -9254  -8740  -8226
0000340  -7712  -7198  -6684  -6170  -5656  -5142  -4628  -4114
0000360  -3600  -3086  -2572  -2058  -1544  -1030   -516     -2
0000400
