0000000   7.949928895127363e-275  3.6919162048650923e-236
0000020   1.846323925681849e-197   8.567745616612358e-159
0000040   4.287943403239047e-120   1.9882885252746607e-81
0000060    9.958334378896745e-43   0.00046141357891195693
0000100   2.3127085096212408e+35   1.0707780659396515e+74
0000120    5.37095661886286e+112  2.4848873176582267e+151
0000140  1.2473230926066734e+190   5.766497103752564e+228
0000160  2.8966956840444004e+267  1.3381833135892986e+306
0000200  -2.081576000531694e-272  -9.609176777827115e-234
0000220  -4.834030884500847e-195 -2.2299033716331566e-156
0000240 -1.1225952939479768e-117  -5.1746869438707237e-79
0000260   -2.606955873096698e-40     -0.12008266051518646
0000300  -6.0539778500895675e+37   -2.786600511251514e+76
0000320  -1.405868428700574e+115  -6.466470811086963e+153
0000340  -3.264714813035785e+192 -1.5005764835379223e+231
0000360  -7.581280411902108e+269                     -nan
0000400
