0000000   3.8204714e-37   1.0082514e-34   2.6584628e-32    7.003653e-30
0000020   1.8436203e-27    4.849422e-25    1.274669e-22    3.348188e-20
0000040    8.789052e-18   2.3057262e-15    6.045325e-13   1.5841256e-10
0000060    4.148859e-08   1.0860433e-05    0.0028415453      0.74312186
0000100       194.25488       50757.266        13257032   3.4611722e+09
0000120    9.033073e+11   2.3566197e+14    6.145978e+16   1.6023064e+19
0000140   4.1759808e+21   1.0880146e+24    2.833864e+26   7.3789715e+28
0000160   1.9208323e+31   4.9987784e+33   1.3005379e+36   3.3827546e+38
0000200   -7.670445e-37  -2.0240553e-34    -5.33626e-32  -1.4056803e-29
0000220  -3.6999117e-27   -9.731282e-25   -2.557642e-22  -6.7176346e-20
0000240  -1.7632526e-17  -4.6253843e-15  -1.2126316e-12  -3.1773817e-10
0000260   -8.321092e-08  -2.1780703e-05    -0.005698409      -1.4901652
0000300      -389.51367      -101771.53       -26579856   -6.939187e+09
0000320  -1.8109264e+12  -4.7242775e+14  -1.2320213e+17  -3.2118467e+19
0000340  -8.3704803e+21    -2.18077e+24  -5.6798647e+26  -1.4789012e+29
0000360  -3.8496183e+31 -1.00179184e+34  -2.6062884e+36            -nan
0000400
